3.317604610045921021e+01
2.864829989191134985e+01
2.864829989191134985e+01
2.730581691221822638e+01
2.723461402313200352e+01
2.619437645088925848e+01
2.619437645088925848e+01
2.557491247520617250e+01
2.537696852851707163e+01
2.534249402607542834e+01
2.534249402607542834e+01
2.447988103514941116e+01
2.447988103514941827e+01
2.429931238431108298e+01
2.427836952541567328e+01
2.405988912011712699e+01
2.397153799556953047e+01
2.375281566250230014e+01
2.374125500946252032e+01
2.363957318024213450e+01
2.348512521168501621e+01
2.266277793272160324e+01
2.262823143170357554e+01
2.219500792947675549e+01
2.219088193103637963e+01
2.205363699963062629e+01
2.203804019072905618e+01
2.190005495924541989e+01
2.189665305964371100e+01
2.185296165065674145e+01
2.182914027411823454e+01
2.181107261295874267e+01
2.177493724210414427e+01
2.176844415731587645e+01
2.156161889534703135e+01
2.156140979277720504e+01
2.150213785254544874e+01
2.146645167848892655e+01
2.145475538139262639e+01
2.143371929746060900e+01
2.141652366734622959e+01
2.135782841857334091e+01
2.134635306412427624e+01
2.132169199616686939e+01
2.130333695851330944e+01
2.128697782102840819e+01
2.125055294503115277e+01
2.124666802415988798e+01
2.122898094897502830e+01
2.119947088350078346e+01
2.118100315981038761e+01
2.115864151370308122e+01
2.111163711400819665e+01
2.110840681208777170e+01
2.107643297972246188e+01
2.107493742757672450e+01
2.102563046666091040e+01
2.102562864596535164e+01
2.100467495495797010e+01
2.098592230247684043e+01
2.098390471549774361e+01
2.098390471549774006e+01
2.088928065828130087e+01
2.088928065828130087e+01
2.087370615568375598e+01
2.086463344581502000e+01
2.084383941338853674e+01
2.082422089167608448e+01
2.081773468167801866e+01
2.079181657167789155e+01
2.077994831437781897e+01
2.076453124643186143e+01
2.067462326241995285e+01
2.067447835706376225e+01
2.067227398203514710e+01
2.062723825430702362e+01
2.060356920045890661e+01
2.058912179960182343e+01
2.055467769400606670e+01
2.055404517266525133e+01
2.051350713855319086e+01
2.051350713855319086e+01
2.048374290750076199e+01
2.048257338402251548e+01
2.045638596496068473e+01
2.044557734751907319e+01
2.040815434562876973e+01
2.040815434562876263e+01
2.039082784960750061e+01
2.039038180922757348e+01
2.036540900641248442e+01
2.036540488201676169e+01
2.035523737821441870e+01
2.028731698295151276e+01
2.017666866130566206e+01
2.017666866130565850e+01
2.009100054201421059e+01
2.009098285892251212e+01
2.004950218016152519e+01
1.998431440390904257e+01
1.984676099784986292e+01
