6.186711817610181242e+03
1.867161917718847235e+03
1.867161917718847008e+03
1.278033918233675422e+03
1.278033918233675649e+03
9.725617679927275958e+02
9.725129010844212871e+02
7.808438632492742499e+02
7.808438632492742499e+02
6.235778453951350002e+02
6.235778453951351139e+02
5.833170686756757277e+02
5.833170686756758414e+02
4.223619058812987532e+02
4.223619058812987532e+02
3.680450219494126713e+02
3.680431371575866706e+02
3.325643882656892174e+02
3.325643882656892174e+02
3.034855443794406824e+02
3.034855443794405687e+02
2.840945968455433217e+02
2.840945968455433217e+02
2.641025602087456150e+02
2.641025602087456718e+02
2.487809943958317547e+02
2.487809943958316694e+02
2.353919042680518032e+02
2.353919042680518032e+02
2.252285050542650708e+02
2.252285050542650708e+02
2.126908126484173067e+02
2.126908126484172499e+02
2.017190827390110712e+02
2.017190827390110996e+02
1.912447835619993270e+02
1.912445808611007010e+02
1.816078173696420777e+02
1.816078173696420492e+02
1.724161958019582244e+02
1.724161399788758899e+02
1.639080711165849777e+02
1.639080711165849777e+02
1.552893617836168403e+02
1.552893617836167550e+02
1.474871600351267205e+02
1.474871600351267205e+02
1.397318534068782867e+02
1.397317519210186276e+02
1.324326446868151379e+02
1.324326446868150811e+02
1.255551796475835147e+02
1.255551796475835147e+02
1.192297325051743968e+02
1.192297325051743826e+02
1.128993810725592226e+02
1.128993810725592226e+02
1.071048112236533996e+02
1.071048112236533996e+02
1.015678410810914158e+02
1.015678325106905930e+02
9.637237050722239928e+01
9.637237050722238507e+01
9.147411011737433739e+01
9.147411011737430897e+01
8.692376334638800017e+01
8.692376334638797175e+01
8.252823478845728289e+01
8.252823478845726868e+01
7.842442929781503835e+01
7.842442929781503835e+01
7.456962243071396301e+01
7.456962243071393459e+01
7.101374994377127337e+01
7.101374994377125915e+01
6.759413868826703720e+01
6.759413868826703720e+01
6.449688309715199352e+01
6.449688309715195089e+01
6.144875997424554726e+01
6.144875997424552594e+01
5.875558999804833604e+01
5.875558999804833604e+01
5.603283664215743443e+01
5.603283664215739179e+01
5.362447735765242385e+01
5.362447735765238122e+01
5.124978998115851425e+01
5.124978998115850715e+01
4.906022852556302638e+01
4.906022852556302638e+01
4.698559857014381436e+01
4.698559857014376462e+01
4.507357512632990648e+01
4.507357512632988517e+01
4.324887483768543461e+01
4.324887483768544172e+01
4.163912274890168419e+01
4.163912274890167708e+01
3.994642145311814829e+01
3.994642145311813408e+01
