5.516262584100355525e+03
2.916476497768105673e+03
2.912633211430538267e+03
1.925299802284282123e+03
1.924675279707614436e+03
1.483239858762924086e+03
1.483232901448096300e+03
1.222543010179548219e+03
1.222541426187395018e+03
1.073176718858138202e+03
1.073163425573239465e+03
9.789378208085036022e+02
9.789334957400267285e+02
9.143665748159487521e+02
9.143665583939157386e+02
8.555354210132838944e+02
8.554996837548937947e+02
8.003924516198421770e+02
8.003923421116288637e+02
7.384768297286295820e+02
7.343595565222982486e+02
6.751235552729964411e+02
6.750106630327692301e+02
6.172352300080913210e+02
6.161476624383799390e+02
5.448069046188707034e+02
5.448068870721664325e+02
4.914681044415572728e+02
4.914277565237730414e+02
4.394493745892992820e+02
4.394493502961451554e+02
3.994416087800569812e+02
3.994362280642899918e+02
3.578776016379827070e+02
3.578773171191598976e+02
3.185199371244210056e+02
3.184971543067491666e+02
2.834818831127261660e+02
2.834818449517945851e+02
2.511379309784082352e+02
2.511316497668628358e+02
2.203812133213058360e+02
2.203811101210565653e+02
1.990320612925936530e+02
1.990298998399171921e+02
1.784952569301314327e+02
1.784952310317740682e+02
1.623316868457175133e+02
1.623303600902710571e+02
1.473573891816284913e+02
1.473573502089081728e+02
1.351520004062455484e+02
1.351519272606653601e+02
1.258555980512816319e+02
1.258555719612009653e+02
1.171830888496168512e+02
1.171830600797087385e+02
1.101887879248950384e+02
1.101887809922812380e+02
1.020900153179354248e+02
1.020899687050851270e+02
9.641519464843980813e+01
9.641513197912809119e+01
9.059980469310340823e+01
9.059979776187621781e+01
8.640275667005738569e+01
8.640232129362452440e+01
8.225882734513037065e+01
8.225881739406753468e+01
7.848474845929472110e+01
7.848445436797507568e+01
7.497647465659734678e+01
7.497641396792708690e+01
7.202131016568998234e+01
7.202071112128606956e+01
6.928880680737755426e+01
6.928878328425598454e+01
6.676106488524277438e+01
6.675898744625597203e+01
6.440314300201231390e+01
6.440314171266736309e+01
6.208400488107983506e+01
6.208160177047709993e+01
5.981215697529933095e+01
5.981215223335083664e+01
5.785020960317576311e+01
5.784213449045007849e+01
5.595229788885122701e+01
5.595229585001766992e+01
5.425340999187885416e+01
5.425143320578695239e+01
5.261419848770150764e+01
5.261419648476649513e+01
5.102828852389512804e+01
5.090756519792535784e+01
4.941072198087952216e+01
4.940696547805906391e+01
4.817366962643880157e+01
4.816617705064448529e+01
4.693200257924793561e+01
4.693190512047515739e+01
4.580636260304565610e+01
4.579685966267578578e+01
4.467308232042850591e+01
4.467307716941090234e+01
4.368285459392706116e+01
4.368133170888540917e+01
4.270262902787148818e+01
4.270262771531520940e+01
4.183393306792822131e+01
4.182048649231761317e+01
4.088268993652199157e+01
4.088262942003672151e+01
4.014414125075827400e+01
4.014411058030150770e+01
3.935591691144793458e+01
3.935591607687366178e+01
3.854186446623109674e+01
3.853832959333149688e+01
3.781290447856500236e+01
3.780511309084735672e+01
3.719701157735588026e+01
3.719700885669686130e+01
3.646606909711123023e+01
3.646606860178385290e+01
3.588432537800949262e+01
3.584473217910032616e+01
3.515860149523543754e+01
3.514768972538364977e+01
3.449056980943871054e+01
3.448665705768095080e+01
3.388334708841227183e+01
3.387880811546135362e+01
3.341495951376517581e+01
3.340169342581337730e+01
3.281122123012690395e+01
3.280910600632634555e+01
3.239205931126300442e+01
3.236908631068173037e+01
3.189967613186569295e+01
3.189255202877974327e+01
3.150632838741782038e+01
3.150532347045360027e+01
3.106848626130955893e+01
3.106154633959610578e+01
3.068011500940672676e+01
3.067339286495291972e+01
3.023634172316124946e+01
3.021170739250579729e+01
2.981034572707445562e+01
2.980120141807463341e+01
2.936545485443072323e+01
2.936272524536863315e+01
2.897097816095419986e+01
2.891297559565997233e+01
2.849038209581435410e+01
2.846303966418713571e+01
2.813158240100377938e+01
2.812027693155767949e+01
2.774350079198497809e+01
2.769202331867820277e+01
2.739939231089324068e+01
2.737731627196950868e+01
2.705875537574914347e+01
2.705192508350483038e+01
2.680135833669662659e+01
2.679767065879568833e+01
2.649457806075676203e+01
2.649276423566870520e+01
2.624568068105947916e+01
2.624385751712456738e+01
2.594348864943908950e+01
2.593555236051667734e+01
2.564564620069653245e+01
2.563811748111161393e+01
2.534950137506208989e+01
2.532050645542570777e+01
2.503092796940988762e+01
2.499396973986286241e+01
2.476313370482914422e+01
2.474244265680835753e+01
2.453815143890152228e+01
2.453420157868096041e+01
2.428388327612382014e+01
2.427113237160514814e+01
2.407671004535576387e+01
2.407021123776376115e+01
2.385279618364586440e+01
2.384729185507829996e+01
2.362217455724084303e+01
2.361885465892065383e+01
2.342631847239056242e+01
2.340341174561373450e+01
2.321605717635874200e+01
2.321177729590881356e+01
2.302094510915898695e+01
2.301546353426868663e+01
2.278997690877966775e+01
2.275324873882967935e+01
2.256528561786898379e+01
2.254841040914992689e+01
