5.553968400808003935e+03
3.151555290456492912e+03
3.151555290456493367e+03
2.129824921785415881e+03
2.129723981140994056e+03
1.695323828131862001e+03
1.695317040161373370e+03
1.419344108896178568e+03
1.419319620504618115e+03
1.284518902443034222e+03
1.284518902443034222e+03
1.152680986315989458e+03
1.152671774830563891e+03
1.071480925189556501e+03
1.071480925189556729e+03
1.015505423704722716e+03
1.015428533404403424e+03
9.728844843940945566e+02
9.728844843940945566e+02
9.292420860545735195e+02
9.291982461694012727e+02
8.882617720694613581e+02
8.882617720694613581e+02
8.555872047420776880e+02
8.555503376355685532e+02
8.271680307436608928e+02
8.271680307436608928e+02
7.953966364980968820e+02
7.953798516712319042e+02
7.698425009413249427e+02
7.698408960980407301e+02
7.477162777038960257e+02
7.476985375037313588e+02
7.254754263833806363e+02
7.254754263833806363e+02
6.921150396185420277e+02
6.917974069780609625e+02
6.560266590880470403e+02
6.560266590880469266e+02
6.126348403889144265e+02
6.123696048440167488e+02
5.778911312853834943e+02
5.778897897108574853e+02
5.397056946605807752e+02
5.396242764786552470e+02
5.053762066712392880e+02
5.053745784708634119e+02
4.726169268998804114e+02
4.726147754880655043e+02
4.517170507437085689e+02
4.517170507437085689e+02
4.217182387686128209e+02
4.216745698289818165e+02
3.954602765777536888e+02
3.954602765777536888e+02
3.727241246452413179e+02
3.726959432369784508e+02
3.521300303504587532e+02
3.521299564029378644e+02
3.285351128514220136e+02
3.285233782634911108e+02
3.054716972759175064e+02
3.054712309964892256e+02
2.866987500008577854e+02
2.866672204279699372e+02
2.701326330724176614e+02
2.701322431216612472e+02
2.516186824043087711e+02
2.515927142625169779e+02
2.336442469377611815e+02
2.336381848265893382e+02
2.181433783927228092e+02
2.181292626607543355e+02
2.039318814973280496e+02
2.039317670164572007e+02
1.945257748190225016e+02
1.945249532531008185e+02
1.834726220647985713e+02
1.834725673317236669e+02
1.710178390951257370e+02
1.710102154519509554e+02
1.597427636592227032e+02
1.597425929768375283e+02
1.529829594570773850e+02
1.529820389540940937e+02
1.469794688303721841e+02
1.469794688303721841e+02
1.415703081838564117e+02
1.415703080417755473e+02
1.369337861730566033e+02
1.369337861730566033e+02
1.321851308513938932e+02
1.321851308513938932e+02
1.271952132351084686e+02
1.271950630417627934e+02
1.228432019280019460e+02
1.228432019280019460e+02
1.176829348823990813e+02
1.176829348823990529e+02
1.130438816227106997e+02
1.130438816227106997e+02
1.085467525626565930e+02
1.085467525626565930e+02
1.037481635672479570e+02
1.037481635672479285e+02
9.994273318605948475e+01
9.994273318605947054e+01
9.637339463304475373e+01
9.637339463304473952e+01
9.368177959288439638e+01
9.368177959288439638e+01
9.126417273771889427e+01
9.126417273771889427e+01
8.874466753620068005e+01
8.874466753620068005e+01
8.643300580559596824e+01
8.643300580559595403e+01
8.403825348815769303e+01
8.403825348815769303e+01
8.197624786769758032e+01
8.197624786769756611e+01
7.966394856583461603e+01
7.966394856583463024e+01
7.777401106489459437e+01
7.777401106489459437e+01
7.574324395258983600e+01
7.574324395258983600e+01
7.393542658946408608e+01
7.393542658946410029e+01
7.185087230598847441e+01
7.185087230598846020e+01
7.009954570998878864e+01
7.009954570998877443e+01
6.845934827194538741e+01
6.845934827194540162e+01
6.668790327051212330e+01
6.668790327051212330e+01
6.398888717970140760e+01
6.398888717970139339e+01
6.202079108965838117e+01
6.202079108965837406e+01
6.055635348439684407e+01
6.055635348439684407e+01
5.902215681257462165e+01
5.902215681257460744e+01
5.747709938069565538e+01
5.747709938069563407e+01
5.637744133676893910e+01
5.637744133676893910e+01
5.516342372013649253e+01
5.516342372013647122e+01
5.382634856422780700e+01
5.382634856422778569e+01
5.278509308473891082e+01
5.278509308473891082e+01
5.170365824046065484e+01
5.170365824046064063e+01
5.089661465657163575e+01
5.089661465657162154e+01
4.978491154720777701e+01
4.978491154720776990e+01
4.903985323817680353e+01
4.903985323817679642e+01
4.808439763447933046e+01
4.808439763447932336e+01
4.732617822916677142e+01
4.732610441024483805e+01
4.638869168412826127e+01
4.638869168412824706e+01
4.581684023214199897e+01
4.581684023214199186e+01
4.496640570907836576e+01
4.496640570907835865e+01
4.443393195064699341e+01
4.443393195064699341e+01
4.364619003018795240e+01
4.364619003018794530e+01
4.305275827784506504e+01
4.305031640368774504e+01
4.220209421698638153e+01
4.220209421698637442e+01
4.166101401745132193e+01
4.166101401745131483e+01
4.080583510805935532e+01
4.080583510805934822e+01
4.031180186662358267e+01
4.031180186662356846e+01
3.965301411167396850e+01
3.965299414773899400e+01
3.906566718580689468e+01
3.906566085630863228e+01
3.850316215115801555e+01
3.850316215115801555e+01
3.807966110566114537e+01
3.807966110566115248e+01
3.754549816288565722e+01
3.754407333668164881e+01
3.715290400420752803e+01
3.715290400420751382e+01
3.665411755701420304e+01
3.665411755701420304e+01
