4.945400030273475522e+01
4.226238096063958949e+01
4.165440061645739434e+01
3.575015551406238501e+01
3.507197099517873795e+01
3.464486511889122511e+01
3.377898070578350342e+01
3.377898070578351053e+01
3.210124225290768862e+01
3.206593212609563892e+01
3.142382994261163986e+01
3.127442625737875659e+01
3.060856710013601045e+01
3.022585681959411374e+01
2.956266247074314890e+01
2.904200101156732927e+01
2.867734247177766704e+01
2.866529606577169886e+01
2.842303159114509370e+01
2.838871360961311652e+01
2.823690633643932202e+01
2.821386966471353119e+01
2.784221454924330175e+01
2.784221454924329819e+01
2.769855050681088926e+01
2.766958372494985952e+01
2.743367917741132089e+01
2.741570267186193277e+01
2.728627667782222233e+01
2.719424974326355482e+01
2.716068031173804442e+01
2.703726402343347601e+01
2.680429625442055297e+01
2.676428038449963864e+01
2.663826155727015532e+01
2.659092533035269668e+01
2.651592044542939064e+01
2.596619263045177917e+01
2.565475236350662414e+01
2.553250468952500185e+01
2.541790924912704241e+01
2.539534353023413971e+01
2.526119363201582146e+01
2.525262131530196896e+01
2.516544468628736553e+01
2.513355739103962350e+01
2.500493578100004299e+01
2.498076370781013367e+01
2.494578337936838253e+01
2.490448677941250111e+01
2.469785732381300392e+01
2.469571570350799306e+01
2.463969266286653692e+01
2.461809813562145877e+01
2.458829930898759031e+01
2.457789703584110086e+01
2.450775646633411498e+01
2.443897842346460436e+01
2.442210398087907208e+01
2.436124256951420364e+01
2.430165079451725063e+01
2.427678232561889970e+01
2.425294320321464170e+01
2.422951315152776885e+01
2.422877727400098280e+01
2.421048288925316783e+01
2.416923409770022246e+01
2.403995636262120428e+01
2.395962441503286655e+01
2.391035033110159702e+01
2.388270898881981807e+01
2.386587338186351204e+01
2.384314698942525723e+01
2.382310316848864673e+01
2.378942389546399383e+01
2.378158702732839203e+01
2.377787549379597465e+01
2.375618909288497349e+01
2.372386727206251678e+01
2.371896495698925023e+01
2.367797732070759054e+01
2.367669832004312624e+01
2.365095979444392427e+01
2.364987024516541680e+01
2.361560194192207618e+01
2.360539556855350796e+01
2.357896977103600022e+01
2.357597688165651562e+01
2.354681674165762928e+01
2.354425987486393979e+01
2.354304715001067549e+01
2.350977495305205878e+01
2.342467112610955127e+01
2.340974113974403537e+01
2.334585560294112128e+01
2.334463221877692973e+01
2.333328853655940094e+01
2.329343423651904743e+01
2.328253661812181718e+01
2.325407780035708427e+01
2.325001092209161513e+01
2.322645958800709565e+01
2.322136329388009557e+01
2.321238231626857385e+01
2.321206341414696084e+01
2.316847293397259833e+01
2.315991944225797283e+01
2.314124906627740685e+01
2.314081198537106943e+01
2.312053319943151308e+01
2.311609772558699305e+01
2.309545085319430058e+01
2.309295555177402548e+01
2.308983999609648308e+01
2.305951159545864115e+01
2.302714521415792959e+01
2.301815059551801923e+01
2.300265843008616429e+01
2.300181650269889744e+01
2.299481608286631129e+01
2.298489621228022273e+01
2.295009206610402686e+01
2.294119306539124281e+01
2.292453057819566453e+01
2.291704294697710509e+01
2.291080522202765124e+01
2.290049395996868853e+01
2.288904816298793321e+01
2.288115151737659403e+01
2.287349653322387866e+01
2.287034273610107249e+01
2.285204794221973756e+01
2.284656568860529546e+01
2.283826918478193591e+01
2.283139317497603571e+01
2.282070717550573136e+01
2.281093141774922373e+01
2.280447157921523527e+01
2.279233794307103267e+01
2.278630639605491481e+01
2.277714117590694443e+01
2.277260720405159944e+01
2.276270178419935419e+01
2.275742900616981856e+01
2.274518470341083187e+01
2.274099257978074107e+01
2.273178906823201828e+01
2.272685200095834546e+01
2.271715991581611860e+01
2.271346238266223594e+01
2.269894334123656066e+01
2.269502931750757924e+01
2.269112485130116852e+01
2.267606068918058781e+01
2.267147461996832902e+01
2.266364092900744254e+01
2.266261826438680060e+01
2.264453441634383779e+01
2.264226501873307384e+01
2.263378579833136328e+01
2.263077888458171572e+01
2.262181112052811471e+01
2.261264399595564356e+01
2.260702565656141516e+01
2.260117776308090143e+01
2.258294878059447441e+01
2.258219379883821532e+01
2.257554105242652298e+01
2.257060296282252310e+01
2.255989371533694055e+01
2.254975608920735297e+01
2.251287133698471266e+01
2.251245571468599849e+01
2.250475687879397668e+01
2.250097047160718944e+01
2.248869503365262190e+01
2.248851736776837384e+01
2.247651334877752305e+01
2.247628048138390255e+01
2.246475237058949759e+01
2.246461431861628810e+01
2.245506104841908623e+01
2.244454667698557060e+01
2.242487882939350285e+01
2.242440822268294554e+01
2.241531413730810129e+01
2.241303669747794203e+01
2.240422825757212877e+01
2.240283237015636075e+01
2.239698457963444866e+01
2.239221772518657261e+01
2.237361738637955355e+01
2.237327574116788398e+01
2.236639682227058046e+01
2.235759581605326574e+01
2.234886389743606117e+01
2.234223413685917947e+01
2.233828083859836156e+01
2.232151257325640614e+01
2.232093835252101499e+01
2.231138527873389066e+01
